# oST version 5.0 parameters


[image]

width
752

height
480

[narrow_stereo]

camera matrix
461.904531 0.000000 403.895553
0.000000 463.852150 240.878201
0.000000 0.000000 1.000000

distortion
-0.386807 0.125107 0.000275 -0.000239 0.000000

rectification
1.000000 0.000000 0.000000
0.000000 1.000000 0.000000
0.000000 0.000000 1.000000

projection
336.090576 0.000000 405.098216 0.000000
0.000000 408.130463 241.321733 0.000000
0.000000 0.000000 1.000000 0.000000

