# oST version 5.0 parameters


[image]

width
752

height
480

[narrow_stereo/left]

camera matrix
458.522143 0.000000 360.275432
0.000000 460.933994 223.652296
0.000000 0.000000 1.000000

distortion
-0.374755 0.109650 -0.000992 -0.002681 0.000000

rectification
0.998565 -0.003884 0.053403
0.003440 0.999959 0.008400
-0.053434 -0.008204 0.998538

projection
442.693505 0.000000 343.591599 0.000000
0.000000 442.693505 234.251755 0.000000
0.000000 0.000000 1.000000 0.000000

# oST version 5.0 parameters


[image]

width
752

height
480

[narrow_stereo/right]

camera matrix
458.329414 0.000000 402.930155
0.000000 459.890470 244.827427
0.000000 0.000000 1.000000

distortion
-0.380503 0.114092 -0.000317 -0.000681 0.000000

rectification
0.999142 -0.002600 0.041340
0.002944 0.999962 -0.008246
-0.041317 0.008360 0.999111

projection
442.693505 0.000000 343.591599 -43.966463
0.000000 442.693505 234.251755 0.000000
0.000000 0.000000 1.000000 0.000000

